function [y] = recChebyshevLP(x)
%CHE Summary of this function goes here
%   Detailed explanation goes here
outputArg1 = inputArg1;
outputArg2 = inputArg2;
a0= 4.187408E-03;
a1= 2.512445E-02;
b1= 2.315806E+00;
a2= 6.281112E-02;
b2= -3.293726E+00;
a3= 8.374816E-02 ;
b3= 2.904826E+00;
a4= 6.281112E-02 ;
b4= -1.694128E+00;
a5= 2.512445E-02 ;
b5= 6.021426E-01;
a6= 4.187408E-03 ;
b6= -1.029147E-01;
y(i)=a0*x(i)+a1*x(i-1)+a2*x(i-2)+a3(i-3);
end

